131.43532898243961
8.696925714850215
6.852255112536212
5.897728401750697
5.548486669364238
5.113422920818227
5.005714998734358
4.775556565522089
4.537953960747321
4.331426955084606
4.159208596983452
4.057057042316687
3.72101467843854
3.8035239689978466
3.47085242108384
3.4278050676305805
3.4955074691989494
3.3039982723697463
3.207422732698134
3.0959727835657858
2.974759668085334
2.927566505700588
2.932636079909429
3.0640615388870134
2.757655582640512
2.8526284967286126
2.762693383679667
2.7405908671513757
2.7519214282351583
2.726972523898045
2.7232357900239013
2.717913350451003
2.6727097680656566
2.6141742611730714
2.3885040775232587
2.479312999058204
2.4739380769338957
2.5276870625275545
2.325484995480435
2.42880420018894
2.3921683918913
2.473158234793223
2.498327782387526
2.2570663594490257
2.316732689384272
2.4651643048647665
2.32516765984877
2.4019342198915
2.322604443781991
2.3654858174371545

