5.473690305800031908e-01 -1.139317488551230939e+00 7.751029035826201286e-01
5.462960706257656840e-01 -1.136648887538527442e+00 7.713509684191267590e-01
5.452485222247897001e-01 -1.134021679295699414e+00 7.677561046730233540e-01
5.442263853770751281e-01 -1.131435863822746413e+00 7.643183123443100246e-01
5.432296600826216348e-01 -1.128891441119668881e+00 7.610375914329863267e-01
5.422583463414295535e-01 -1.126388411186466598e+00 7.579139419390525934e-01
5.413124441534988840e-01 -1.123926774023139563e+00 7.549473638625088245e-01
5.403919535188296264e-01 -1.121506529629687998e+00 7.521378572033550203e-01
5.394968744374215586e-01 -1.119127678006111237e+00 7.494854219615910695e-01
5.386272069092749026e-01 -1.116790219152410391e+00 7.469900581372170834e-01
5.377829509343894365e-01 -1.114494153068584126e+00 7.446517657302328397e-01
5.369641065127656043e-01 -1.112239479754633553e+00 7.424705447406386716e-01
5.361706736444028509e-01 -1.110026199210558007e+00 7.404463951684343570e-01
5.354026523293016204e-01 -1.107854311436358152e+00 7.385793170136200070e-01
5.346600425674616908e-01 -1.105723816432033324e+00 7.368693102761956215e-01
5.339428443588831730e-01 -1.103634714197583744e+00 7.353163749561608675e-01
5.332510577035658450e-01 -1.101587004733009634e+00 7.339205110535164112e-01
5.325846826015100399e-01 -1.099580688038310772e+00 7.326817185682616973e-01
5.319437190527154247e-01 -1.097615764113486936e+00 7.315999975003968370e-01
5.313281670571821103e-01 -1.095692232958538570e+00 7.306753478499218302e-01
5.307380266149102077e-01 -1.093810094573465452e+00 7.299077696168367879e-01
5.301732977258996060e-01 -1.091969348958267583e+00 7.292972628011415992e-01
5.296339803901504162e-01 -1.090169996112944961e+00 7.288438274028364861e-01
5.291200746076625272e-01 -1.088412036037497588e+00 7.285474634219211154e-01
5.286315803784360501e-01 -1.086695468731925907e+00 7.284081708583959314e-01
5.281684977024708738e-01 -1.085020294196229029e+00 7.284259497122604898e-01
5.277308265797669984e-01 -1.083386512430407622e+00 7.286007999835149018e-01
5.273185670103245348e-01 -1.081794123434461463e+00 7.289327216721593894e-01
5.269317189941433721e-01 -1.080243127208390552e+00 7.294217147781936195e-01
5.265702825312236213e-01 -1.078733523752195111e+00 7.300677793016179251e-01
5.262342576215650602e-01 -1.077265313065874697e+00 7.308709152424319733e-01
5.259236442651680221e-01 -1.075838495149429530e+00 7.318311226006359860e-01
5.256384424620321738e-01 -1.074453070002859834e+00 7.329484013762299632e-01
5.253786522121578484e-01 -1.073109037626165385e+00 7.342227515692139050e-01
5.251442735155447128e-01 -1.071806398019346185e+00 7.356541731795875894e-01
5.249353063721928780e-01 -1.070545151182402233e+00 7.372426662073513493e-01
5.247517507821024552e-01 -1.069325297115333528e+00 7.389882306525048516e-01
5.245936067452734441e-01 -1.068146835818140294e+00 7.408908665150484296e-01
5.244608742617058450e-01 -1.067009767290822086e+00 7.429505737949817501e-01
5.243535533313994357e-01 -1.065914091533379349e+00 7.451673524923050351e-01
5.242716439543543272e-01 -1.064859808545811859e+00 7.475412026070185068e-01
5.242151461305706306e-01 -1.063846918328119617e+00 7.500721241391214988e-01
5.241840598600482348e-01 -1.062875420880302624e+00 7.527601170886145665e-01
5.241783851427872509e-01 -1.061945316202360878e+00 7.556051814554975987e-01
5.241981219787876789e-01 -1.061056604294294603e+00 7.586073172397704845e-01
5.242432703680492967e-01 -1.060209285156103354e+00 7.617665244414332237e-01
5.243138303105723264e-01 -1.059403358787787575e+00 7.650828030604859276e-01
5.244098018063566569e-01 -1.058638825189347044e+00 7.685561530969287070e-01
5.245311848554023992e-01 -1.057915684360781539e+00 7.721865745507611178e-01
5.246779794577094425e-01 -1.057233936302091726e+00 7.759740674219836043e-01
